*** Execution for following Query  :
R_1 R_2
R S
R_2 1 R_2
AND
R_3 4 R_3
Replacer: Clock

1993632,1983082
1993632,1951450
1983082,1932265
1951450,1932265
1993632,1932265
1932265,1902939
1983082,1902939
1951450,1902939
1993632,1902939
1931855,1902939
1931855,1862611
1951450,1859082
1993632,1859082
1862611,1859082
1931855,1859082
1983082,1838104
1859082,1838104
1951450,1838104
1993632,1838104
1862611,1838104
1931855,1838104
1983082,1838104
1859082,1838104
1951450,1838104
1993632,1838104
1862611,1838104
1931855,1838104
1862611,1831422
1931855,1831422
1931855,1824499
1931855,1824499
1831422,1823607
1862611,1823607
1824499,1823607
1824499,1823607
1931855,1823607
1824499,1816234
1824499,1816234
1931855,1816234
1831422,1767497
1862611,1767497
1816234,1767497
1824499,1767497
1824499,1767497
1931855,1767497
1782601,1767497
1951450,1748658
1993632,1748658
1823607,1748658
1767497,1748658
1831422,1748658
1862611,1748658
1816234,1748658
1824499,1748658
1824499,1748658
1931855,1748658
1782601,1748658
1931855,1743816
1782601,1743816
1862611,1737196
1816234,1737196
1824499,1737196
1824499,1737196
1743816,1737196
1931855,1737196
1782601,1737196
1824499,1707447
1824499,1707447
1743816,1707447
1931855,1707447
1782601,1707447
1735181,1707447
1816234,1699209
1707447,1699209
1824499,1699209
1824499,1699209
1743816,1699209
1931855,1699209
1782601,1699209
1735181,1699209
1748658,1656018
1951450,1656018
1993632,1656018
1823607,1656018
1767497,1656018
1831422,1656018
1737196,1656018
1862611,1656018
1699209,1656018
1816234,1656018
1707447,1656018
1824499,1656018
1824499,1656018
1743816,1656018
1931855,1656018
1782601,1656018
1735181,1656018
1748658,1645324
1951450,1645324
1993632,1645324
1823607,1645324
1767497,1645324
1831422,1645324
1737196,1645324
1862611,1645324
1699209,1645324
1816234,1645324
1707447,1645324
1824499,1645324
1824499,1645324
1743816,1645324
1931855,1645324
1782601,1645324
1735181,1645324
1737196,1627116
1862611,1627116
1699209,1627116
1816234,1627116
1707447,1627116
1824499,1627116
1824499,1627116
1743816,1627116
1931855,1627116
1782601,1627116
1735181,1627116
1627116,1623686
1737196,1623686
1862611,1623686
1699209,1623686
1816234,1623686
1707447,1623686
1824499,1623686
1824499,1623686
1743816,1623686
1931855,1623686
1782601,1623686
1735181,1623686
1816234,1618169
1707447,1618169
1824499,1618169
1824499,1618169
1743816,1618169
1931855,1618169
1782601,1618169
1735181,1618169
1951450,1604913
1993632,1604913
1823607,1604913
1767497,1604913
1831422,1604913
1623686,1604913
1627116,1604913
1737196,1604913
1862611,1604913
1699209,1604913
1618169,1604913
1816234,1604913
1707447,1604913
1824499,1604913
1824499,1604913
1743816,1604913
1931855,1604913
1782601,1604913
1735181,1604913
1902939,1572460
1932265,1572460
1838104,1572460
1838104,1572460
1983082,1572460
1859082,1572460
1656018,1572460
1645324,1572460
1748658,1572460
1604913,1572460
1951450,1572460
1993632,1572460
1823607,1572460
1767497,1572460
1831422,1572460
1623686,1572460
1627116,1572460
1737196,1572460
1862611,1572460
1699209,1572460
1618169,1572460
1816234,1572460
1707447,1572460
1824499,1572460
1824499,1572460
1743816,1572460
1931855,1572460
1782601,1572460
1735181,1572460
1902939,1552649
1932265,1552649
1838104,1552649
1838104,1552649
1983082,1552649
1859082,1552649
1656018,1552649
1645324,1552649
1748658,1552649
1604913,1552649
1951450,1552649
1993632,1552649
1823607,1552649
1767497,1552649
1831422,1552649
1623686,1552649
1627116,1552649
1737196,1552649
1862611,1552649
1699209,1552649
1618169,1552649
1816234,1552649
1707447,1552649
1824499,1552649
1824499,1552649
1743816,1552649
1931855,1552649
1782601,1552649
1735181,1552649
1623686,1545302
1627116,1545302
1737196,1545302
1862611,1545302
1699209,1545302
1618169,1545302
1816234,1545302
1707447,1545302
1824499,1545302
1824499,1545302
1743816,1545302
1931855,1545302
1782601,1545302
1735181,1545302
1656018,1529240
1645324,1529240
1748658,1529240
1604913,1529240
1951450,1529240
1993632,1529240
1823607,1529240
1767497,1529240
1831422,1529240
1545302,1529240
1623686,1529240
1627116,1529240
1737196,1529240
1862611,1529240
1699209,1529240
1618169,1529240
1816234,1529240
1707447,1529240
1824499,1529240
1824499,1529240
1743816,1529240
1931855,1529240
1782601,1529240
1735181,1529240
1743816,1517211
1931855,1517211
1782601,1517211
1735181,1517211
1951450,1497017
1993632,1497017
1823607,1497017
1767497,1497017
1831422,1497017
1545302,1497017
1623686,1497017
1627116,1497017
1737196,1497017
1862611,1497017
1699209,1497017
1618169,1497017
1816234,1497017
1707447,1497017
1824499,1497017
1824499,1497017
1517211,1497017
1743816,1497017
1931855,1497017
1782601,1497017
1735181,1497017
1816234,1470073
1707447,1470073
1824499,1470073
1824499,1470073
1517211,1470073
1743816,1470073
1931855,1470073
1782601,1470073
1735181,1470073
1572460,1469400
1552649,1469400
1902939,1469400
1932265,1469400
1838104,1469400
1838104,1469400
1983082,1469400
1859082,1469400
1529240,1469400
1656018,1469400
1645324,1469400
1748658,1469400
1604913,1469400
1497017,1469400
1951450,1469400
1993632,1469400
1823607,1469400
1767497,1469400
1831422,1469400
1545302,1469400
1623686,1469400
1627116,1469400
1737196,1469400
1862611,1469400
1699209,1469400
1618169,1469400
1470073,1469400
1816234,1469400
1707447,1469400
1824499,1469400
1824499,1469400
1517211,1469400
1743816,1469400
1931855,1469400
1782601,1469400
1735181,1469400
1470073,1444309
1816234,1444309
1707447,1444309
1824499,1444309
1824499,1444309
1517211,1444309
1743816,1444309
1931855,1444309
1782601,1444309
1735181,1444309
1931855,1434556
1782601,1434556
1735181,1434556
1767497,1433687
1831422,1433687
1545302,1433687
1623686,1433687
1627116,1433687
1737196,1433687
1862611,1433687
1699209,1433687
1618169,1433687
1444309,1433687
1470073,1433687
1816234,1433687
1707447,1433687
1824499,1433687
1824499,1433687
1517211,1433687
1743816,1433687
1434556,1433687
1931855,1433687
1782601,1433687
1735181,1433687
1859082,1424093
1529240,1424093
1656018,1424093
1645324,1424093
1748658,1424093
1604913,1424093
1497017,1424093
1951450,1424093
1993632,1424093
1823607,1424093
1433687,1424093
1767497,1424093
1831422,1424093
1545302,1424093
1623686,1424093
1627116,1424093
1737196,1424093
1862611,1424093
1699209,1424093
1618169,1424093
1444309,1424093
1470073,1424093
1816234,1424093
1707447,1424093
1824499,1424093
1824499,1424093
1517211,1424093
1743816,1424093
1434556,1424093
1931855,1424093
1782601,1424093
1735181,1424093
1823607,1415509
1433687,1415509
1767497,1415509
1831422,1415509
1545302,1415509
1623686,1415509
1627116,1415509
1737196,1415509
1862611,1415509
1699209,1415509
1618169,1415509
1444309,1415509
1470073,1415509
1816234,1415509
1707447,1415509
1824499,1415509
1824499,1415509
1517211,1415509
1743816,1415509
1434556,1415509
1931855,1415509
1782601,1415509
1735181,1415509
1572460,1405107
1552649,1405107
1902939,1405107
1932265,1405107
1838104,1405107
1838104,1405107
1983082,1405107
1424093,1405107
1859082,1405107
1529240,1405107
1656018,1405107
1645324,1405107
1748658,1405107
1604913,1405107
1497017,1405107
1951450,1405107
1993632,1405107
1415509,1405107
1823607,1405107
1433687,1405107
1767497,1405107
1831422,1405107
1545302,1405107
1623686,1405107
1627116,1405107
1737196,1405107
1862611,1405107
1699209,1405107
1618169,1405107
1444309,1405107
1470073,1405107
1816234,1405107
1707447,1405107
1824499,1405107
1824499,1405107
1517211,1405107
1743816,1405107
1434556,1405107
1931855,1405107
1782601,1405107
1735181,1405107
1767497,1403557
1831422,1403557
1545302,1403557
1623686,1403557
1627116,1403557
1737196,1403557
1862611,1403557
1699209,1403557
1618169,1403557
1444309,1403557
1470073,1403557
1816234,1403557
1707447,1403557
1824499,1403557
1824499,1403557
1517211,1403557
1743816,1403557
1434556,1403557
1931855,1403557
1782601,1403557
1735181,1403557
1699209,1389613
1618169,1389613
1444309,1389613
1470073,1389613
1816234,1389613
1707447,1389613
1824499,1389613
1824499,1389613
1517211,1389613
1743816,1389613
1434556,1389613
1931855,1389613
1782601,1389613
1735181,1389613
1433687,1367635
1403557,1367635
1767497,1367635
1831422,1367635
1545302,1367635
1623686,1367635
1627116,1367635
1737196,1367635
1862611,1367635
1389613,1367635
1699209,1367635
1618169,1367635
1444309,1367635
1470073,1367635
1816234,1367635
1707447,1367635
1824499,1367635
1824499,1367635
1517211,1367635
1743816,1367635
1434556,1367635
1931855,1367635
1782601,1367635
1735181,1367635
1645324,1364607
1748658,1364607
1604913,1364607
1497017,1364607
1951450,1364607
1993632,1364607
1415509,1364607
1823607,1364607
1367635,1364607
1433687,1364607
1403557,1364607
1767497,1364607
1831422,1364607
1545302,1364607
1623686,1364607
1627116,1364607
1737196,1364607
1862611,1364607
1389613,1364607
1699209,1364607
1618169,1364607
1444309,1364607
1470073,1364607
1816234,1364607
1707447,1364607
1824499,1364607
1824499,1364607
1517211,1364607
1743816,1364607
1434556,1364607
1931855,1364607
1782601,1364607
1735181,1364607
1767497,1352971
1831422,1352971
1545302,1352971
1623686,1352971
1627116,1352971
1737196,1352971
1862611,1352971
1389613,1352971
1699209,1352971
1618169,1352971
1444309,1352971
1470073,1352971
1816234,1352971
1707447,1352971
1824499,1352971
1824499,1352971
1517211,1352971
1743816,1352971
1434556,1352971
1931855,1352971
1782601,1352971
1735181,1352971
1627116,1347811
1737196,1347811
1862611,1347811
1389613,1347811
1699209,1347811
1618169,1347811
1444309,1347811
1470073,1347811
1816234,1347811
1707447,1347811
1824499,1347811
1824499,1347811
1517211,1347811
1743816,1347811
1434556,1347811
1931855,1347811
1782601,1347811
1735181,1347811
1572460,1344865
1552649,1344865
1902939,1344865
1932265,1344865
1838104,1344865
1838104,1344865
1983082,1344865
1424093,1344865
1859082,1344865
1529240,1344865
1656018,1344865
1364607,1344865
1645324,1344865
1748658,1344865
1604913,1344865
1497017,1344865
1951450,1344865
1993632,1344865
1415509,1344865
1823607,1344865
1367635,1344865
1433687,1344865
1403557,1344865
1352971,1344865
1767497,1344865
1831422,1344865
1545302,1344865
1623686,1344865
1347811,1344865
1627116,1344865
1737196,1344865
1862611,1344865
1389613,1344865
1699209,1344865
1618169,1344865
1444309,1344865
1470073,1344865
1816234,1344865
1707447,1344865
1824499,1344865
1824499,1344865
1517211,1344865
1743816,1344865
1434556,1344865
1931855,1344865
1782601,1344865
1735181,1344865
1823607,1343201
1367635,1343201
1433687,1343201
1403557,1343201
1352971,1343201
1767497,1343201
1831422,1343201
1545302,1343201
1623686,1343201
1347811,1343201
1627116,1343201
1737196,1343201
1862611,1343201
1389613,1343201
1699209,1343201
1618169,1343201
1444309,1343201
1470073,1343201
1816234,1343201
1707447,1343201
1824499,1343201
1824499,1343201
1517211,1343201
1743816,1343201
1434556,1343201
1931855,1343201
1782601,1343201
1735181,1343201
1352971,1321131
1767497,1321131
1831422,1321131
1545302,1321131
1623686,1321131
1347811,1321131
1627116,1321131
1737196,1321131
1862611,1321131
1389613,1321131
1699209,1321131
1618169,1321131
1444309,1321131
1470073,1321131
1816234,1321131
1707447,1321131
1824499,1321131
1824499,1321131
1517211,1321131
1743816,1321131
1434556,1321131
1931855,1321131
1782601,1321131
1735181,1321131
1824499,1299380
1824499,1299380
1517211,1299380
1743816,1299380
1434556,1299380
1931855,1299380
1782601,1299380
1735181,1299380
1656018,1292400
1364607,1292400
1645324,1292400
1748658,1292400
1604913,1292400
1497017,1292400
1951450,1292400
1993632,1292400
1415509,1292400
1343201,1292400
1823607,1292400
1367635,1292400
1433687,1292400
1403557,1292400
1321131,1292400
1352971,1292400
1767497,1292400
1831422,1292400
1545302,1292400
1623686,1292400
1347811,1292400
1627116,1292400
1737196,1292400
1862611,1292400
1389613,1292400
1699209,1292400
1618169,1292400
1444309,1292400
1470073,1292400
1816234,1292400
1707447,1292400
1299380,1292400
1824499,1292400
1824499,1292400
1517211,1292400
1743816,1292400
1434556,1292400
1931855,1292400
1782601,1292400
1735181,1292400
1434556,1283895
1931855,1283895
1782601,1283895
1735181,1283895
1433687,1235231
1403557,1235231
1321131,1235231
1352971,1235231
1767497,1235231
1831422,1235231
1545302,1235231
1623686,1235231
1347811,1235231
1627116,1235231
1737196,1235231
1862611,1235231
1389613,1235231
1699209,1235231
1618169,1235231
1444309,1235231
1470073,1235231
1816234,1235231
1707447,1235231
1299380,1235231
1824499,1235231
1824499,1235231
1517211,1235231
1743816,1235231
1283895,1235231
1434556,1235231
1931855,1235231
1782601,1235231
1735181,1235231
1816234,1234543
1707447,1234543
1299380,1234543
1824499,1234543
1824499,1234543
1517211,1234543
1743816,1234543
1283895,1234543
1434556,1234543
1931855,1234543
1782601,1234543
1735181,1234543
1816234,1234543
1707447,1234543
1299380,1234543
1824499,1234543
1824499,1234543
1517211,1234543
1743816,1234543
1283895,1234543
1434556,1234543
1931855,1234543
1782601,1234543
1735181,1234543
1367635,1218661
1235231,1218661
1433687,1218661
1403557,1218661
1321131,1218661
1352971,1218661
1767497,1218661
1831422,1218661
1545302,1218661
1623686,1218661
1347811,1218661
1627116,1218661
1737196,1218661
1862611,1218661
1389613,1218661
1699209,1218661
1618169,1218661
1444309,1218661
1470073,1218661
1234543,1218661
1234543,1218661
1816234,1218661
1707447,1218661
1299380,1218661
1824499,1218661
1824499,1218661
1517211,1218661
1743816,1218661
1283895,1218661
1434556,1218661
1931855,1218661
1782601,1218661
1735181,1218661
1782601,1213811
1735181,1213811
1645324,1212227
1748658,1212227
1604913,1212227
1497017,1212227
1951450,1212227
1993632,1212227
1415509,1212227
1343201,1212227
1823607,1212227
1218661,1212227
1367635,1212227
1235231,1212227
1433687,1212227
1403557,1212227
1321131,1212227
1352971,1212227
1767497,1212227
1831422,1212227
1545302,1212227
1623686,1212227
1347811,1212227
1627116,1212227
1737196,1212227
1862611,1212227
1389613,1212227
1699209,1212227
1618169,1212227
1444309,1212227
1470073,1212227
1234543,1212227
1234543,1212227
1816234,1212227
1707447,1212227
1299380,1212227
1824499,1212227
1824499,1212227
1517211,1212227
1743816,1212227
1283895,1212227
1434556,1212227
1931855,1212227
1213811,1212227
1782601,1212227
1735181,1212227
1932265,1183676
1838104,1183676
1838104,1183676
1983082,1183676
1424093,1183676
1859082,1183676
1529240,1183676
1292400,1183676
1656018,1183676
1364607,1183676
1212227,1183676
1645324,1183676
1748658,1183676
1604913,1183676
1497017,1183676
1951450,1183676
1993632,1183676
1415509,1183676
1343201,1183676
1823607,1183676
1218661,1183676
1367635,1183676
1235231,1183676
1433687,1183676
1403557,1183676
1321131,1183676
1352971,1183676
1767497,1183676
1831422,1183676
1545302,1183676
1623686,1183676
1347811,1183676
1627116,1183676
1737196,1183676
1862611,1183676
1389613,1183676
1699209,1183676
1618169,1183676
1444309,1183676
1470073,1183676
1234543,1183676
1234543,1183676
1816234,1183676
1707447,1183676
1299380,1183676
1824499,1183676
1824499,1183676
1517211,1183676
1743816,1183676
1283895,1183676
1434556,1183676
1931855,1183676
1213811,1183676
1782601,1183676
1735181,1183676
1529240,1178098
1292400,1178098
1656018,1178098
1364607,1178098
1212227,1178098
1645324,1178098
1748658,1178098
1604913,1178098
1497017,1178098
1951450,1178098
1993632,1178098
1415509,1178098
1343201,1178098
1823607,1178098
1218661,1178098
1367635,1178098
1235231,1178098
1433687,1178098
1403557,1178098
1321131,1178098
1352971,1178098
1767497,1178098
1831422,1178098
1545302,1178098
1623686,1178098
1347811,1178098
1627116,1178098
1737196,1178098
1862611,1178098
1389613,1178098
1699209,1178098
1618169,1178098
1444309,1178098
1470073,1178098
1234543,1178098
1234543,1178098
1816234,1178098
1707447,1178098
1299380,1178098
1824499,1178098
1824499,1178098
1517211,1178098
1743816,1178098
1283895,1178098
1434556,1178098
1931855,1178098
1213811,1178098
1782601,1178098
1735181,1178098
1367635,1173994
1235231,1173994
1433687,1173994
1403557,1173994
1321131,1173994
1352971,1173994
1767497,1173994
1831422,1173994
1545302,1173994
1623686,1173994
1347811,1173994
1627116,1173994
1737196,1173994
1862611,1173994
1389613,1173994
1699209,1173994
1618169,1173994
1444309,1173994
1470073,1173994
1234543,1173994
1234543,1173994
1816234,1173994
1707447,1173994
1299380,1173994
1824499,1173994
1824499,1173994
1517211,1173994
1743816,1173994
1283895,1173994
1434556,1173994
1931855,1173994
1213811,1173994
1782601,1173994
1735181,1173994
1497017,1173159
1951450,1173159
1993632,1173159
1415509,1173159
1343201,1173159
1823607,1173159
1218661,1173159
1173994,1173159
1367635,1173159
1235231,1173159
1433687,1173159
1403557,1173159
1321131,1173159
1352971,1173159
1767497,1173159
1831422,1173159
1545302,1173159
1623686,1173159
1347811,1173159
1627116,1173159
1737196,1173159
1862611,1173159
1389613,1173159
1699209,1173159
1618169,1173159
1444309,1173159
1470073,1173159
1234543,1173159
1234543,1173159
1816234,1173159
1707447,1173159
1299380,1173159
1824499,1173159
1824499,1173159
1517211,1173159
1743816,1173159
1283895,1173159
1434556,1173159
1931855,1173159
1213811,1173159
1782601,1173159
1735181,1173159
1283895,1165841
1434556,1165841
1931855,1165841
1213811,1165841
1782601,1165841
1735181,1165841
1173994,1138993
1367635,1138993
1235231,1138993
1433687,1138993
1403557,1138993
1321131,1138993
1352971,1138993
1767497,1138993
1831422,1138993
1545302,1138993
1623686,1138993
1347811,1138993
1627116,1138993
1737196,1138993
1862611,1138993
1389613,1138993
1699209,1138993
1618169,1138993
1444309,1138993
1470073,1138993
1234543,1138993
1234543,1138993
1816234,1138993
1707447,1138993
1299380,1138993
1824499,1138993
1824499,1138993
1517211,1138993
1743816,1138993
1165841,1138993
1283895,1138993
1434556,1138993
1931855,1138993
1213811,1138993
1782601,1138993
1735181,1138993
1292400,1134865
1656018,1134865
1364607,1134865
1212227,1134865
1645324,1134865
1748658,1134865
1604913,1134865
1173159,1134865
1497017,1134865
1951450,1134865
1993632,1134865
1415509,1134865
1343201,1134865
1823607,1134865
1218661,1134865
1138993,1134865
1173994,1134865
1367635,1134865
1235231,1134865
1433687,1134865
1403557,1134865
1321131,1134865
1352971,1134865
1767497,1134865
1831422,1134865
1545302,1134865
1623686,1134865
1347811,1134865
1627116,1134865
1737196,1134865
1862611,1134865
1389613,1134865
1699209,1134865
1618169,1134865
1444309,1134865
1470073,1134865
1234543,1134865
1234543,1134865
1816234,1134865
1707447,1134865
1299380,1134865
1824499,1134865
1824499,1134865
1517211,1134865
1743816,1134865
1165841,1134865
1283895,1134865
1434556,1134865
1931855,1134865
1213811,1134865
1782601,1134865
1735181,1134865
1983082,1081421
1424093,1081421
1859082,1081421
1178098,1081421
1529240,1081421
1134865,1081421
1292400,1081421
1656018,1081421
1364607,1081421
1212227,1081421
1645324,1081421
1748658,1081421
1604913,1081421
1173159,1081421
1497017,1081421
1951450,1081421
1993632,1081421
1415509,1081421
1343201,1081421
1823607,1081421
1218661,1081421
1138993,1081421
1173994,1081421
1367635,1081421
1235231,1081421
1433687,1081421
1403557,1081421
1321131,1081421
1352971,1081421
1767497,1081421
1831422,1081421
1545302,1081421
1623686,1081421
1347811,1081421
1627116,1081421
1737196,1081421
1862611,1081421
1389613,1081421
1699209,1081421
1618169,1081421
1444309,1081421
1470073,1081421
1234543,1081421
1234543,1081421
1816234,1081421
1707447,1081421
1299380,1081421
1824499,1081421
1824499,1081421
1517211,1081421
1743816,1081421
1165841,1081421
1283895,1081421
1434556,1081421
1931855,1081421
1213811,1081421
1782601,1081421
1735181,1081421
1743816,1072043
1165841,1072043
1283895,1072043
1434556,1072043
1931855,1072043
1213811,1072043
1782601,1072043
1735181,1072043
1178098,996465
1529240,996465
1134865,996465
1292400,996465
1656018,996465
1364607,996465
1212227,996465
1645324,996465
1748658,996465
1604913,996465
1173159,996465
1497017,996465
1951450,996465
1993632,996465
1415509,996465
1343201,996465
1823607,996465
1218661,996465
1138993,996465
1173994,996465
1367635,996465
1235231,996465
1433687,996465
1403557,996465
1321131,996465
1352971,996465
1767497,996465
1831422,996465
1545302,996465
1623686,996465
1347811,996465
1627116,996465
1737196,996465
1862611,996465
1389613,996465
1699209,996465
1618169,996465
1444309,996465
1470073,996465
1234543,996465
1234543,996465
1816234,996465
1707447,996465
1299380,996465
1824499,996465
1824499,996465
1517211,996465
1072043,996465
1743816,996465
1165841,996465
1283895,996465
1434556,996465
1931855,996465
1213811,996465
1782601,996465
1735181,996465
1367635,980767
1235231,980767
1433687,980767
1403557,980767
1321131,980767
1352971,980767
1767497,980767
1831422,980767
1545302,980767
1623686,980767
1347811,980767
1627116,980767
1737196,980767
1862611,980767
1389613,980767
1699209,980767
1618169,980767
1444309,980767
1470073,980767
1234543,980767
1234543,980767
1816234,980767
1707447,980767
1299380,980767
1824499,980767
1824499,980767
1517211,980767
1072043,980767
1743816,980767
1165841,980767
1283895,980767
1434556,980767
1931855,980767
1213811,980767
1782601,980767
1735181,980767
1364607,976021
1212227,976021
1645324,976021
1748658,976021
1604913,976021
1173159,976021
1497017,976021
1951450,976021
1993632,976021
1415509,976021
1343201,976021
1823607,976021
1218661,976021
1138993,976021
1173994,976021
980767,976021
1367635,976021
1235231,976021
1433687,976021
1403557,976021
1321131,976021
1352971,976021
1767497,976021
1831422,976021
1545302,976021
1623686,976021
1347811,976021
1627116,976021
1737196,976021
1862611,976021
1389613,976021
1699209,976021
1618169,976021
1444309,976021
1470073,976021
1234543,976021
1234543,976021
1816234,976021
1707447,976021
1299380,976021
1824499,976021
1824499,976021
1517211,976021
1072043,976021
1743816,976021
1165841,976021
1283895,976021
1434556,976021
1931855,976021
1213811,976021
1782601,976021
1735181,976021
1178098,975055
1529240,975055
1134865,975055
1292400,975055
1656018,975055
976021,975055
1364607,975055
1212227,975055
1645324,975055
1748658,975055
1604913,975055
1173159,975055
1497017,975055
1951450,975055
1993632,975055
1415509,975055
1343201,975055
1823607,975055
1218661,975055
1138993,975055
1173994,975055
980767,975055
1367635,975055
1235231,975055
1433687,975055
1403557,975055
1321131,975055
1352971,975055
1767497,975055
1831422,975055
1545302,975055
1623686,975055
1347811,975055
1627116,975055
1737196,975055
1862611,975055
1389613,975055
1699209,975055
1618169,975055
1444309,975055
1470073,975055
1234543,975055
1234543,975055
1816234,975055
1707447,975055
1299380,975055
1824499,975055
1824499,975055
1517211,975055
1072043,975055
1743816,975055
1165841,975055
1283895,975055
1434556,975055
1931855,975055
1213811,975055
1782601,975055
1735181,975055
1343201,966561
1823607,966561
1218661,966561
1138993,966561
1173994,966561
980767,966561
1367635,966561
1235231,966561
1433687,966561
1403557,966561
1321131,966561
1352971,966561
1767497,966561
1831422,966561
1545302,966561
1623686,966561
1347811,966561
1627116,966561
1737196,966561
1862611,966561
1389613,966561
1699209,966561
1618169,966561
1444309,966561
1470073,966561
1234543,966561
1234543,966561
1816234,966561
1707447,966561
1299380,966561
1824499,966561
1824499,966561
1517211,966561
1072043,966561
1743816,966561
1165841,966561
1283895,966561
1434556,966561
1931855,966561
1213811,966561
1782601,966561
1735181,966561
1552649,957181
1902939,957181
1183676,957181
1932265,957181
1838104,957181
1838104,957181
1081421,957181
1983082,957181
1424093,957181
1859082,957181
996465,957181
975055,957181
1178098,957181
1529240,957181
1134865,957181
1292400,957181
1656018,957181
976021,957181
1364607,957181
1212227,957181
1645324,957181
1748658,957181
1604913,957181
1173159,957181
1497017,957181
1951450,957181
1993632,957181
1415509,957181
966561,957181
1343201,957181
1823607,957181
1218661,957181
1138993,957181
1173994,957181
980767,957181
1367635,957181
1235231,957181
1433687,957181
1403557,957181
1321131,957181
1352971,957181
1767497,957181
1831422,957181
1545302,957181
1623686,957181
1347811,957181
1627116,957181
1737196,957181
1862611,957181
1389613,957181
1699209,957181
1618169,957181
1444309,957181
1470073,957181
1234543,957181
1234543,957181
1816234,957181
1707447,957181
1299380,957181
1824499,957181
1824499,957181
1517211,957181
1072043,957181
1743816,957181
1165841,957181
1283895,957181
1434556,957181
1931855,957181
1213811,957181
1782601,957181
1735181,957181
1405107,887376
1344865,887376
1572460,887376
957181,887376
1552649,887376
1902939,887376
1183676,887376
1932265,887376
1838104,887376
1838104,887376
1081421,887376
1983082,887376
1424093,887376
1859082,887376
996465,887376
975055,887376
1178098,887376
1529240,887376
1134865,887376
1292400,887376
1656018,887376
976021,887376
1364607,887376
1212227,887376
1645324,887376
1748658,887376
1604913,887376
1173159,887376
1497017,887376
1951450,887376
1993632,887376
1415509,887376
966561,887376
1343201,887376
1823607,887376
1218661,887376
1138993,887376
1173994,887376
980767,887376
1367635,887376
1235231,887376
1433687,887376
1403557,887376
1321131,887376
1352971,887376
1767497,887376
1831422,887376
1545302,887376
1623686,887376
1347811,887376
1627116,887376
1737196,887376
1862611,887376
1389613,887376
1699209,887376
1618169,887376
1444309,887376
1470073,887376
1234543,887376
1234543,887376
1816234,887376
1707447,887376
1299380,887376
1824499,887376
1824499,887376
1517211,887376
1072043,887376
1743816,887376
1165841,887376
1283895,887376
1434556,887376
1931855,887376
1213811,887376
1782601,887376
1735181,887376
1902939,857580
1183676,857580
1932265,857580
1838104,857580
1838104,857580
1081421,857580
1983082,857580
1424093,857580
1859082,857580
996465,857580
975055,857580
1178098,857580
1529240,857580
1134865,857580
1292400,857580
1656018,857580
976021,857580
1364607,857580
1212227,857580
1645324,857580
1748658,857580
1604913,857580
1173159,857580
1497017,857580
1951450,857580
1993632,857580
1415509,857580
966561,857580
1343201,857580
1823607,857580
1218661,857580
1138993,857580
1173994,857580
980767,857580
1367635,857580
1235231,857580
1433687,857580
1403557,857580
1321131,857580
1352971,857580
1767497,857580
1831422,857580
1545302,857580
1623686,857580
1347811,857580
1627116,857580
1737196,857580
1862611,857580
1389613,857580
1699209,857580
1618169,857580
1444309,857580
1470073,857580
1234543,857580
1234543,857580
1816234,857580
1707447,857580
1299380,857580
1824499,857580
1824499,857580
1517211,857580
1072043,857580
1743816,857580
1165841,857580
1283895,857580
1434556,857580
1931855,857580
1213811,857580
1782601,857580
1735181,857580
1656018,846380
976021,846380
1364607,846380
1212227,846380
1645324,846380
1748658,846380
1604913,846380
1173159,846380
1497017,846380
1951450,846380
1993632,846380
1415509,846380
966561,846380
1343201,846380
1823607,846380
1218661,846380
1138993,846380
1173994,846380
980767,846380
1367635,846380
1235231,846380
1433687,846380
1403557,846380
1321131,846380
1352971,846380
1767497,846380
1831422,846380
1545302,846380
1623686,846380
1347811,846380
1627116,846380
1737196,846380
1862611,846380
1389613,846380
1699209,846380
1618169,846380
1444309,846380
1470073,846380
1234543,846380
1234543,846380
1816234,846380
1707447,846380
1299380,846380
1824499,846380
1824499,846380
1517211,846380
1072043,846380
1743816,846380
1165841,846380
1283895,846380
1434556,846380
1931855,846380
1213811,846380
1782601,846380
1735181,846380
1235231,824491
1433687,824491
1403557,824491
1321131,824491
1352971,824491
1767497,824491
1831422,824491
1545302,824491
1623686,824491
1347811,824491
1627116,824491
1737196,824491
1862611,824491
1389613,824491
1699209,824491
1618169,824491
1444309,824491
1470073,824491
1234543,824491
1234543,824491
1816234,824491
1707447,824491
1299380,824491
1824499,824491
1824499,824491
1517211,824491
1072043,824491
1743816,824491
1165841,824491
1283895,824491
1434556,824491
1931855,824491
1213811,824491
1782601,824491
1735181,824491
1343201,816941
1823607,816941
1218661,816941
1138993,816941
1173994,816941
980767,816941
1367635,816941
824491,816941
1235231,816941
1433687,816941
1403557,816941
1321131,816941
1352971,816941
1767497,816941
1831422,816941
1545302,816941
1623686,816941
1347811,816941
1627116,816941
1737196,816941
1862611,816941
1389613,816941
1699209,816941
1618169,816941
1444309,816941
1470073,816941
1234543,816941
1234543,816941
1816234,816941
1707447,816941
1299380,816941
1824499,816941
1824499,816941
1517211,816941
1072043,816941
1743816,816941
1165841,816941
1283895,816941
1434556,816941
1931855,816941
1213811,816941
1782601,816941
1735181,816941
975055,816199
1178098,816199
1529240,816199
1134865,816199
1292400,816199
846380,816199
1656018,816199
976021,816199
1364607,816199
1212227,816199
1645324,816199
1748658,816199
1604913,816199
1173159,816199
1497017,816199
1951450,816199
1993632,816199
1415509,816199
966561,816199
816941,816199
1343201,816199
1823607,816199
1218661,816199
1138993,816199
1173994,816199
980767,816199
1367635,816199
824491,816199
1235231,816199
1433687,816199
1403557,816199
1321131,816199
1352971,816199
1767497,816199
1831422,816199
1545302,816199
1623686,816199
1347811,816199
1627116,816199
1737196,816199
1862611,816199
1389613,816199
1699209,816199
1618169,816199
1444309,816199
1470073,816199
1234543,816199
1234543,816199
1816234,816199
1707447,816199
1299380,816199
1824499,816199
1824499,816199
1517211,816199
1072043,816199
1743816,816199
1165841,816199
1283895,816199
1434556,816199
1931855,816199
1213811,816199
1782601,816199
1735181,816199
1299380,809719
1824499,809719
1824499,809719
1517211,809719
1072043,809719
1743816,809719
1165841,809719
1283895,809719
1434556,809719
1931855,809719
1213811,809719
1782601,809719
1735181,809719
980767,795743
1367635,795743
824491,795743
1235231,795743
1433687,795743
1403557,795743
1321131,795743
1352971,795743
1767497,795743
1831422,795743
1545302,795743
1623686,795743
1347811,795743
1627116,795743
1737196,795743
1862611,795743
1389613,795743
1699209,795743
1618169,795743
1444309,795743
1470073,795743
1234543,795743
1234543,795743
1816234,795743
1707447,795743
809719,795743
1299380,795743
1824499,795743
1824499,795743
1517211,795743
1072043,795743
1743816,795743
1165841,795743
1283895,795743
1434556,795743
1931855,795743
1213811,795743
1782601,795743
1735181,795743
1347811,795388
1627116,795388
1737196,795388
1862611,795388
1389613,795388
1699209,795388
1618169,795388
1444309,795388
1470073,795388
1234543,795388
1234543,795388
1816234,795388
1707447,795388
809719,795388
1299380,795388
1824499,795388
1824499,795388
1517211,795388
1072043,795388
1743816,795388
1165841,795388
1283895,795388
1434556,795388
1931855,795388
1213811,795388
1782601,795388
1735181,795388
1218661,778696
1138993,778696
1173994,778696
795743,778696
980767,778696
1367635,778696
824491,778696
1235231,778696
1433687,778696
1403557,778696
1321131,778696
1352971,778696
1767497,778696
1831422,778696
1545302,778696
1623686,778696
795388,778696
1347811,778696
1627116,778696
1737196,778696
1862611,778696
1389613,778696
1699209,778696
1618169,778696
1444309,778696
1470073,778696
1234543,778696
1234543,778696
1816234,778696
1707447,778696
809719,778696
1299380,778696
1824499,778696
1824499,778696
1517211,778696
1072043,778696
1743816,778696
1165841,778696
1283895,778696
1434556,778696
1931855,778696
1213811,778696
1782601,778696
1735181,778696
816199,774238
975055,774238
1178098,774238
1529240,774238
1134865,774238
1292400,774238
846380,774238
1656018,774238
976021,774238
1364607,774238
1212227,774238
1645324,774238
1748658,774238
1604913,774238
1173159,774238
1497017,774238
1951450,774238
1993632,774238
1415509,774238
966561,774238
816941,774238
1343201,774238
1823607,774238
778696,774238
1218661,774238
1138993,774238
1173994,774238
795743,774238
980767,774238
1367635,774238
824491,774238
1235231,774238
1433687,774238
1403557,774238
1321131,774238
1352971,774238
1767497,774238
1831422,774238
1545302,774238
1623686,774238
795388,774238
1347811,774238
1627116,774238
1737196,774238
1862611,774238
1389613,774238
1699209,774238
1618169,774238
1444309,774238
1470073,774238
1234543,774238
1234543,774238
1816234,774238
1707447,774238
809719,774238
1299380,774238
1824499,774238
1824499,774238
1517211,774238
1072043,774238
1743816,774238
1165841,774238
1283895,774238
1434556,774238
1931855,774238
1213811,774238
1782601,774238
1735181,774238
1344865,762521
1572460,762521
957181,762521
1552649,762521
857580,762521
1902939,762521
1183676,762521
1932265,762521
1838104,762521
1838104,762521
1081421,762521
1983082,762521
1424093,762521
1859082,762521
996465,762521
774238,762521
816199,762521
975055,762521
1178098,762521
1529240,762521
1134865,762521
1292400,762521
846380,762521
1656018,762521
976021,762521
1364607,762521
1212227,762521
1645324,762521
1748658,762521
1604913,762521
1173159,762521
1497017,762521
1951450,762521
1993632,762521
1415509,762521
966561,762521
816941,762521
1343201,762521
1823607,762521
778696,762521
1218661,762521
1138993,762521
1173994,762521
795743,762521
980767,762521
1367635,762521
824491,762521
1235231,762521
1433687,762521
1403557,762521
1321131,762521
1352971,762521
1767497,762521
1831422,762521
1545302,762521
1623686,762521
795388,762521
1347811,762521
1627116,762521
1737196,762521
1862611,762521
1389613,762521
1699209,762521
1618169,762521
1444309,762521
1470073,762521
1234543,762521
1234543,762521
1816234,762521
1707447,762521
809719,762521
1299380,762521
1824499,762521
1824499,762521
1517211,762521
1072043,762521
1743816,762521
1165841,762521
1283895,762521
1434556,762521
1931855,762521
1213811,762521
1782601,762521
1735181,762521
1415509,754462
966561,754462
816941,754462
1343201,754462
1823607,754462
778696,754462
1218661,754462
1138993,754462
1173994,754462
795743,754462
980767,754462
1367635,754462
824491,754462
1235231,754462
1433687,754462
1403557,754462
1321131,754462
1352971,754462
1767497,754462
1831422,754462
1545302,754462
1623686,754462
795388,754462
1347811,754462
1627116,754462
1737196,754462
1862611,754462
1389613,754462
1699209,754462
1618169,754462
1444309,754462
1470073,754462
1234543,754462
1234543,754462
1816234,754462
1707447,754462
809719,754462
1299380,754462
1824499,754462
1824499,754462
1517211,754462
1072043,754462
1743816,754462
1165841,754462
1283895,754462
1434556,754462
1931855,754462
1213811,754462
1782601,754462
1735181,754462
1321131,731555
1352971,731555
1767497,731555
1831422,731555
1545302,731555
1623686,731555
795388,731555
1347811,731555
1627116,731555
1737196,731555
1862611,731555
1389613,731555
1699209,731555
1618169,731555
1444309,731555
1470073,731555
1234543,731555
1234543,731555
1816234,731555
1707447,731555
809719,731555
1299380,731555
1824499,731555
1824499,731555
1517211,731555
1072043,731555
1743816,731555
1165841,731555
1283895,731555
1434556,731555
1931855,731555
1213811,731555
1782601,731555
1735181,731555
1707447,717894
809719,717894
1299380,717894
1824499,717894
1824499,717894
1517211,717894
1072043,717894
1743816,717894
1165841,717894
1283895,717894
1434556,717894
1931855,717894
1213811,717894
1782601,717894
1735181,717894
1824499,717034
1824499,717034
1517211,717034
1072043,717034
1743816,717034
1165841,717034
1283895,717034
1434556,717034
1931855,717034
1213811,717034
1782601,717034
1735181,717034
1299380,716718
717034,716718
1824499,716718
1824499,716718
1517211,716718
1072043,716718
1743816,716718
1165841,716718
1283895,716718
1434556,716718
1931855,716718
1213811,716718
1782601,716718
1735181,716718
957181,698699
1552649,698699
857580,698699
1902939,698699
1183676,698699
1932265,698699
1838104,698699
1838104,698699
1081421,698699
1983082,698699
1424093,698699
1859082,698699
996465,698699
774238,698699
816199,698699
975055,698699
1178098,698699
1529240,698699
1134865,698699
1292400,698699
846380,698699
1656018,698699
976021,698699
1364607,698699
1212227,698699
1645324,698699
1748658,698699
1604913,698699
1173159,698699
1497017,698699
1951450,698699
1993632,698699
754462,698699
1415509,698699
966561,698699
816941,698699
1343201,698699
1823607,698699
778696,698699
1218661,698699
1138993,698699
1173994,698699
795743,698699
980767,698699
1367635,698699
824491,698699
1235231,698699
1433687,698699
1403557,698699
731555,698699
1321131,698699
1352971,698699
1767497,698699
1831422,698699
1545302,698699
1623686,698699
795388,698699
1347811,698699
1627116,698699
1737196,698699
1862611,698699
1389613,698699
1699209,698699
1618169,698699
1444309,698699
1470073,698699
1234543,698699
1234543,698699
1816234,698699
717894,698699
1707447,698699
809719,698699
716718,698699
1299380,698699
717034,698699
1824499,698699
1824499,698699
1517211,698699
1072043,698699
1743816,698699
1165841,698699
1283895,698699
1434556,698699
1931855,698699
1213811,698699
1782601,698699
1735181,698699
1134865,685467
1292400,685467
846380,685467
1656018,685467
976021,685467
1364607,685467
1212227,685467
1645324,685467
1748658,685467
1604913,685467
1173159,685467
1497017,685467
1951450,685467
1993632,685467
754462,685467
1415509,685467
966561,685467
816941,685467
1343201,685467
1823607,685467
778696,685467
1218661,685467
1138993,685467
1173994,685467
795743,685467
980767,685467
1367635,685467
824491,685467
1235231,685467
1433687,685467
1403557,685467
731555,685467
1321131,685467
1352971,685467
1767497,685467
1831422,685467
1545302,685467
1623686,685467
795388,685467
1347811,685467
1627116,685467
1737196,685467
1862611,685467
1389613,685467
1699209,685467
1618169,685467
1444309,685467
1470073,685467
1234543,685467
1234543,685467
1816234,685467
717894,685467
1707447,685467
809719,685467
716718,685467
1299380,685467
717034,685467
1824499,685467
1824499,685467
1517211,685467
1072043,685467
1743816,685467
1165841,685467
1283895,685467
1434556,685467
1931855,685467
1213811,685467
1782601,685467
1735181,685467
1838104,678068
1838104,678068
1081421,678068
1983082,678068
1424093,678068
1859082,678068
996465,678068
774238,678068
816199,678068
975055,678068
1178098,678068
1529240,678068
685467,678068
1134865,678068
1292400,678068
846380,678068
1656018,678068
976021,678068
1364607,678068
1212227,678068
1645324,678068
1748658,678068
1604913,678068
1173159,678068
1497017,678068
1951450,678068
1993632,678068
754462,678068
1415509,678068
966561,678068
816941,678068
1343201,678068
1823607,678068
778696,678068
1218661,678068
1138993,678068
1173994,678068
795743,678068
980767,678068
1367635,678068
824491,678068
1235231,678068
1433687,678068
1403557,678068
731555,678068
1321131,678068
1352971,678068
1767497,678068
1831422,678068
1545302,678068
1623686,678068
795388,678068
1347811,678068
1627116,678068
1737196,678068
1862611,678068
1389613,678068
1699209,678068
1618169,678068
1444309,678068
1470073,678068
1234543,678068
1234543,678068
1816234,678068
717894,678068
1707447,678068
809719,678068
716718,678068
1299380,678068
717034,678068
1824499,678068
1824499,678068
1517211,678068
1072043,678068
1743816,678068
1165841,678068
1283895,678068
1434556,678068
1931855,678068
1213811,678068
1782601,678068
1735181,678068
1173994,661953
795743,661953
980767,661953
1367635,661953
824491,661953
1235231,661953
1433687,661953
1403557,661953
731555,661953
1321131,661953
1352971,661953
1767497,661953
1831422,661953
1545302,661953
1623686,661953
795388,661953
1347811,661953
1627116,661953
1737196,661953
1862611,661953
1389613,661953
1699209,661953
1618169,661953
1444309,661953
1470073,661953
1234543,661953
1234543,661953
1816234,661953
717894,661953
1707447,661953
809719,661953
716718,661953
1299380,661953
717034,661953
1824499,661953
1824499,661953
1517211,661953
1072043,661953
1743816,661953
1165841,661953
1283895,661953
1434556,661953
1931855,661953
1213811,661953
1782601,661953
1735181,661953
1434556,654070
1931855,654070
1213811,654070
1782601,654070
1735181,654070
1367635,632243
824491,632243
1235231,632243
1433687,632243
1403557,632243
731555,632243
1321131,632243
1352971,632243
1767497,632243
1831422,632243
1545302,632243
1623686,632243
795388,632243
1347811,632243
1627116,632243
1737196,632243
1862611,632243
1389613,632243
1699209,632243
1618169,632243
1444309,632243
1470073,632243
1234543,632243
1234543,632243
1816234,632243
717894,632243
1707447,632243
809719,632243
716718,632243
1299380,632243
717034,632243
1824499,632243
1824499,632243
1517211,632243
1072043,632243
1743816,632243
1165841,632243
1283895,632243
654070,632243
1434556,632243
1931855,632243
1213811,632243
1782601,632243
1735181,632243
1178098,613242
1529240,613242
685467,613242
1134865,613242
1292400,613242
846380,613242
1656018,613242
976021,613242
1364607,613242
1212227,613242
1645324,613242
1748658,613242
1604913,613242
1173159,613242
1497017,613242
1951450,613242
1993632,613242
754462,613242
1415509,613242
966561,613242
816941,613242
1343201,613242
1823607,613242
778696,613242
1218661,613242
1138993,613242
661953,613242
1173994,613242
795743,613242
980767,613242
632243,613242
1367635,613242
824491,613242
1235231,613242
1433687,613242
1403557,613242
731555,613242
1321131,613242
1352971,613242
1767497,613242
1831422,613242
1545302,613242
1623686,613242
795388,613242
1347811,613242
1627116,613242
1737196,613242
1862611,613242
1389613,613242
1699209,613242
1618169,613242
1444309,613242
1470073,613242
1234543,613242
1234543,613242
1816234,613242
717894,613242
1707447,613242
809719,613242
716718,613242
1299380,613242
717034,613242
1824499,613242
1824499,613242
1517211,613242
1072043,613242
1743816,613242
1165841,613242
1283895,613242
654070,613242
1434556,613242
1931855,613242
1213811,613242
1782601,613242
1735181,613242
1403557,541570
731555,541570
1321131,541570
1352971,541570
1767497,541570
1831422,541570
1545302,541570
1623686,541570
795388,541570
1347811,541570
1627116,541570
1737196,541570
1862611,541570
1389613,541570
1699209,541570
1618169,541570
1444309,541570
1470073,541570
1234543,541570
1234543,541570
1816234,541570
717894,541570
1707447,541570
809719,541570
716718,541570
1299380,541570
717034,541570
1824499,541570
1824499,541570
1517211,541570
1072043,541570
1743816,541570
1165841,541570
1283895,541570
654070,541570
1434556,541570
1931855,541570
1213811,541570
1782601,541570
1735181,541570
957181,534379
1552649,534379
857580,534379
1902939,534379
1183676,534379
1932265,534379
678068,534379
1838104,534379
1838104,534379
1081421,534379
1983082,534379
1424093,534379
1859082,534379
996465,534379
774238,534379
816199,534379
975055,534379
613242,534379
1178098,534379
1529240,534379
685467,534379
1134865,534379
1292400,534379
846380,534379
1656018,534379
976021,534379
1364607,534379
1212227,534379
1645324,534379
1748658,534379
1604913,534379
1173159,534379
1497017,534379
1951450,534379
1993632,534379
754462,534379
1415509,534379
966561,534379
816941,534379
1343201,534379
1823607,534379
778696,534379
1218661,534379
1138993,534379
661953,534379
1173994,534379
795743,534379
980767,534379
632243,534379
1367635,534379
824491,534379
1235231,534379
1433687,534379
541570,534379
1403557,534379
731555,534379
1321131,534379
1352971,534379
1767497,534379
1831422,534379
1545302,534379
1623686,534379
795388,534379
1347811,534379
1627116,534379
1737196,534379
1862611,534379
1389613,534379
1699209,534379
1618169,534379
1444309,534379
1470073,534379
1234543,534379
1234543,534379
1816234,534379
717894,534379
1707447,534379
809719,534379
716718,534379
1299380,534379
717034,534379
1824499,534379
1824499,534379
1517211,534379
1072043,534379
1743816,534379
1165841,534379
1283895,534379
654070,534379
1434556,534379
1931855,534379
1213811,534379
1782601,534379
1735181,534379
1838104,507833
1838104,507833
1081421,507833
1983082,507833
1424093,507833
1859082,507833
996465,507833
774238,507833
816199,507833
975055,507833
613242,507833
1178098,507833
1529240,507833
685467,507833
1134865,507833
1292400,507833
846380,507833
1656018,507833
976021,507833
1364607,507833
1212227,507833
1645324,507833
1748658,507833
1604913,507833
1173159,507833
1497017,507833
1951450,507833
1993632,507833
754462,507833
1415509,507833
966561,507833
816941,507833
1343201,507833
1823607,507833
778696,507833
1218661,507833
1138993,507833
661953,507833
1173994,507833
795743,507833
980767,507833
632243,507833
1367635,507833
824491,507833
1235231,507833
1433687,507833
541570,507833
1403557,507833
731555,507833
1321131,507833
1352971,507833
1767497,507833
1831422,507833
1545302,507833
1623686,507833
795388,507833
1347811,507833
1627116,507833
1737196,507833
1862611,507833
1389613,507833
1699209,507833
1618169,507833
1444309,507833
1470073,507833
1234543,507833
1234543,507833
1816234,507833
717894,507833
1707447,507833
809719,507833
716718,507833
1299380,507833
717034,507833
1824499,507833
1824499,507833
1517211,507833
1072043,507833
1743816,507833
1165841,507833
1283895,507833
654070,507833
1434556,507833
1931855,507833
1213811,507833
1782601,507833
1735181,507833
1183676,504525
1932265,504525
678068,504525
507833,504525
1838104,504525
1838104,504525
1081421,504525
1983082,504525
1424093,504525
1859082,504525
996465,504525
774238,504525
816199,504525
975055,504525
613242,504525
1178098,504525
1529240,504525
685467,504525
1134865,504525
1292400,504525
846380,504525
1656018,504525
976021,504525
1364607,504525
1212227,504525
1645324,504525
1748658,504525
1604913,504525
1173159,504525
1497017,504525
1951450,504525
1993632,504525
754462,504525
1415509,504525
966561,504525
816941,504525
1343201,504525
1823607,504525
778696,504525
1218661,504525
1138993,504525
661953,504525
1173994,504525
795743,504525
980767,504525
632243,504525
1367635,504525
824491,504525
1235231,504525
1433687,504525
541570,504525
1403557,504525
731555,504525
1321131,504525
1352971,504525
1767497,504525
1831422,504525
1545302,504525
1623686,504525
795388,504525
1347811,504525
1627116,504525
1737196,504525
1862611,504525
1389613,504525
1699209,504525
1618169,504525
1444309,504525
1470073,504525
1234543,504525
1234543,504525
1816234,504525
717894,504525
1707447,504525
809719,504525
716718,504525
1299380,504525
717034,504525
1824499,504525
1824499,504525
1517211,504525
1072043,504525
1743816,504525
1165841,504525
1283895,504525
654070,504525
1434556,504525
1931855,504525
1213811,504525
1782601,504525
1735181,504525
1699209,483836
1618169,483836
1444309,483836
1470073,483836
1234543,483836
1234543,483836
1816234,483836
717894,483836
1707447,483836
809719,483836
716718,483836
1299380,483836
717034,483836
1824499,483836
1824499,483836
1517211,483836
1072043,483836
1743816,483836
1165841,483836
1283895,483836
654070,483836
1434556,483836
1931855,483836
1213811,483836
1782601,483836
1735181,483836
613242,467898
1178098,467898
1529240,467898
685467,467898
1134865,467898
1292400,467898
846380,467898
1656018,467898
976021,467898
1364607,467898
1212227,467898
1645324,467898
1748658,467898
1604913,467898
1173159,467898
1497017,467898
1951450,467898
1993632,467898
754462,467898
1415509,467898
966561,467898
816941,467898
1343201,467898
1823607,467898
778696,467898
1218661,467898
1138993,467898
661953,467898
1173994,467898
795743,467898
980767,467898
632243,467898
1367635,467898
824491,467898
1235231,467898
1433687,467898
541570,467898
1403557,467898
731555,467898
1321131,467898
1352971,467898
1767497,467898
1831422,467898
1545302,467898
1623686,467898
795388,467898
1347811,467898
1627116,467898
1737196,467898
1862611,467898
1389613,467898
483836,467898
1699209,467898
1618169,467898
1444309,467898
1470073,467898
1234543,467898
1234543,467898
1816234,467898
717894,467898
1707447,467898
809719,467898
716718,467898
1299380,467898
717034,467898
1824499,467898
1824499,467898
1517211,467898
1072043,467898
1743816,467898
1165841,467898
1283895,467898
654070,467898
1434556,467898
1931855,467898
1213811,467898
1782601,467898
1735181,467898
1932265,447630
678068,447630
507833,447630
1838104,447630
1838104,447630
1081421,447630
1983082,447630
1424093,447630
1859082,447630
996465,447630
774238,447630
816199,447630
975055,447630
467898,447630
613242,447630
1178098,447630
1529240,447630
685467,447630
1134865,447630
1292400,447630
846380,447630
1656018,447630
976021,447630
1364607,447630
1212227,447630
1645324,447630
1748658,447630
1604913,447630
1173159,447630
1497017,447630
1951450,447630
1993632,447630
754462,447630
1415509,447630
966561,447630
816941,447630
1343201,447630
1823607,447630
778696,447630
1218661,447630
1138993,447630
661953,447630
1173994,447630
795743,447630
980767,447630
632243,447630
1367635,447630
824491,447630
1235231,447630
1433687,447630
541570,447630
1403557,447630
731555,447630
1321131,447630
1352971,447630
1767497,447630
1831422,447630
1545302,447630
1623686,447630
795388,447630
1347811,447630
1627116,447630
1737196,447630
1862611,447630
1389613,447630
483836,447630
1699209,447630
1618169,447630
1444309,447630
1470073,447630
1234543,447630
1234543,447630
1816234,447630
717894,447630
1707447,447630
809719,447630
716718,447630
1299380,447630
717034,447630
1824499,447630
1824499,447630
1517211,447630
1072043,447630
1743816,447630
1165841,447630
1283895,447630
654070,447630
1434556,447630
1931855,447630
1213811,447630
1782601,447630
1735181,447630
1497017,431199
1951450,431199
1993632,431199
754462,431199
1415509,431199
966561,431199
816941,431199
1343201,431199
1823607,431199
778696,431199
1218661,431199
1138993,431199
661953,431199
1173994,431199
795743,431199
980767,431199
632243,431199
1367635,431199
824491,431199
1235231,431199
1433687,431199
541570,431199
1403557,431199
731555,431199
1321131,431199
1352971,431199
1767497,431199
1831422,431199
1545302,431199
1623686,431199
795388,431199
1347811,431199
1627116,431199
1737196,431199
1862611,431199
1389613,431199
483836,431199
1699209,431199
1618169,431199
1444309,431199
1470073,431199
1234543,431199
1234543,431199
1816234,431199
717894,431199
1707447,431199
809719,431199
716718,431199
1299380,431199
717034,431199
1824499,431199
1824499,431199
1517211,431199
1072043,431199
1743816,431199
1165841,431199
1283895,431199
654070,431199
1434556,431199
1931855,431199
1213811,431199
1782601,431199
1735181,431199
996465,404378
774238,404378
816199,404378
975055,404378
467898,404378
613242,404378
1178098,404378
1529240,404378
685467,404378
1134865,404378
1292400,404378
846380,404378
1656018,404378
976021,404378
1364607,404378
1212227,404378
1645324,404378
1748658,404378
1604913,404378
1173159,404378
431199,404378
1497017,404378
1951450,404378
1993632,404378
754462,404378
1415509,404378
966561,404378
816941,404378
1343201,404378
1823607,404378
778696,404378
1218661,404378
1138993,404378
661953,404378
1173994,404378
795743,404378
980767,404378
632243,404378
1367635,404378
824491,404378
1235231,404378
1433687,404378
541570,404378
1403557,404378
731555,404378
1321131,404378
1352971,404378
1767497,404378
1831422,404378
1545302,404378
1623686,404378
795388,404378
1347811,404378
1627116,404378
1737196,404378
1862611,404378
1389613,404378
483836,404378
1699209,404378
1618169,404378
1444309,404378
1470073,404378
1234543,404378
1234543,404378
1816234,404378
717894,404378
1707447,404378
809719,404378
716718,404378
1299380,404378
717034,404378
1824499,404378
1824499,404378
1517211,404378
1072043,404378
1743816,404378
1165841,404378
1283895,404378
654070,404378
1434556,404378
1931855,404378
1213811,404378
1782601,404378
1735181,404378
1931855,403626
1213811,403626
1782601,403626
1735181,403626
431199,379554
1497017,379554
1951450,379554
1993632,379554
754462,379554
1415509,379554
966561,379554
816941,379554
1343201,379554
1823607,379554
778696,379554
1218661,379554
1138993,379554
661953,379554
1173994,379554
795743,379554
980767,379554
632243,379554
1367635,379554
824491,379554
1235231,379554
1433687,379554
541570,379554
1403557,379554
731555,379554
1321131,379554
1352971,379554
1767497,379554
1831422,379554
1545302,379554
1623686,379554
795388,379554
1347811,379554
1627116,379554
1737196,379554
1862611,379554
1389613,379554
483836,379554
1699209,379554
1618169,379554
1444309,379554
1470073,379554
1234543,379554
1234543,379554
1816234,379554
717894,379554
1707447,379554
809719,379554
716718,379554
1299380,379554
717034,379554
1824499,379554
1824499,379554
1517211,379554
1072043,379554
1743816,379554
1165841,379554
1283895,379554
654070,379554
1434556,379554
403626,379554
1931855,379554
1213811,379554
1782601,379554
1735181,379554
1545302,378369
1623686,378369
795388,378369
1347811,378369
1627116,378369
1737196,378369
1862611,378369
1389613,378369
483836,378369
1699209,378369
1618169,378369
1444309,378369
1470073,378369
1234543,378369
1234543,378369
1816234,378369
717894,378369
1707447,378369
809719,378369
716718,378369
1299380,378369
717034,378369
1824499,378369
1824499,378369
1517211,378369
1072043,378369
1743816,378369
1165841,378369
1283895,378369
654070,378369
1434556,378369
403626,378369
1931855,378369
1213811,378369
1782601,378369
1735181,378369
1707447,361685
809719,361685
716718,361685
1299380,361685
717034,361685
1824499,361685
1824499,361685
1517211,361685
1072043,361685
1743816,361685
1165841,361685
1283895,361685
654070,361685
1434556,361685
403626,361685
1931855,361685
1213811,361685
1782601,361685
1735181,361685
1218661,345050
1138993,345050
661953,345050
1173994,345050
795743,345050
980767,345050
632243,345050
1367635,345050
824491,345050
1235231,345050
1433687,345050
541570,345050
1403557,345050
731555,345050
1321131,345050
1352971,345050
1767497,345050
1831422,345050
378369,345050
1545302,345050
1623686,345050
795388,345050
1347811,345050
1627116,345050
1737196,345050
1862611,345050
1389613,345050
483836,345050
1699209,345050
1618169,345050
1444309,345050
1470073,345050
1234543,345050
1234543,345050
1816234,345050
717894,345050
361685,345050
1707447,345050
809719,345050
716718,345050
1299380,345050
717034,345050
1824499,345050
1824499,345050
1517211,345050
1072043,345050
1743816,345050
1165841,345050
1283895,345050
654070,345050
1434556,345050
403626,345050
1931855,345050
1213811,345050
1782601,345050
1735181,345050
809719,324516
716718,324516
1299380,324516
717034,324516
1824499,324516
1824499,324516
1517211,324516
1072043,324516
1743816,324516
1165841,324516
1283895,324516
654070,324516
1434556,324516
403626,324516
1931855,324516
1213811,324516
1782601,324516
1735181,324516
1517211,312714
1072043,312714
1743816,312714
1165841,312714
1283895,312714
654070,312714
1434556,312714
403626,312714
1931855,312714
1213811,312714
1782601,312714
1735181,312714
507833,274464
1838104,274464
1838104,274464
1081421,274464
1983082,274464
1424093,274464
1859082,274464
404378,274464
996465,274464
774238,274464
816199,274464
975055,274464
467898,274464
613242,274464
1178098,274464
1529240,274464
685467,274464
1134865,274464
1292400,274464
846380,274464
1656018,274464
976021,274464
1364607,274464
1212227,274464
1645324,274464
1748658,274464
1604913,274464
1173159,274464
379554,274464
431199,274464
1497017,274464
1951450,274464
1993632,274464
754462,274464
1415509,274464
966561,274464
816941,274464
1343201,274464
1823607,274464
778696,274464
345050,274464
1218661,274464
1138993,274464
661953,274464
1173994,274464
795743,274464
980767,274464
632243,274464
1367635,274464
824491,274464
1235231,274464
1433687,274464
541570,274464
1403557,274464
731555,274464
1321131,274464
1352971,274464
1767497,274464
1831422,274464
378369,274464
1545302,274464
1623686,274464
795388,274464
1347811,274464
1627116,274464
1737196,274464
1862611,274464
1389613,274464
483836,274464
1699209,274464
1618169,274464
1444309,274464
1470073,274464
1234543,274464
1234543,274464
1816234,274464
717894,274464
361685,274464
1707447,274464
324516,274464
809719,274464
716718,274464
1299380,274464
717034,274464
1824499,274464
1824499,274464
312714,274464
1517211,274464
1072043,274464
1743816,274464
1165841,274464
1283895,274464
654070,274464
1434556,274464
403626,274464
1931855,274464
1213811,274464
1782601,274464
1735181,274464
507833,274464
1838104,274464
1838104,274464
1081421,274464
1983082,274464
1424093,274464
1859082,274464
404378,274464
996465,274464
774238,274464
816199,274464
975055,274464
467898,274464
613242,274464
1178098,274464
1529240,274464
685467,274464
1134865,274464
1292400,274464
846380,274464
1656018,274464
976021,274464
1364607,274464
1212227,274464
1645324,274464
1748658,274464
1604913,274464
1173159,274464
379554,274464
431199,274464
1497017,274464
1951450,274464
1993632,274464
754462,274464
1415509,274464
966561,274464
816941,274464
1343201,274464
1823607,274464
778696,274464
345050,274464
1218661,274464
1138993,274464
661953,274464
1173994,274464
795743,274464
980767,274464
632243,274464
1367635,274464
824491,274464
1235231,274464
1433687,274464
541570,274464
1403557,274464
731555,274464
1321131,274464
1352971,274464
1767497,274464
1831422,274464
378369,274464
1545302,274464
1623686,274464
795388,274464
1347811,274464
1627116,274464
1737196,274464
1862611,274464
1389613,274464
483836,274464
1699209,274464
1618169,274464
1444309,274464
1470073,274464
1234543,274464
1234543,274464
1816234,274464
717894,274464
361685,274464
1707447,274464
324516,274464
809719,274464
716718,274464
1299380,274464
717034,274464
1824499,274464
1824499,274464
312714,274464
1517211,274464
1072043,274464
1743816,274464
1165841,274464
1283895,274464
654070,274464
1434556,274464
403626,274464
1931855,274464
1213811,274464
1782601,274464
1735181,274464
795743,246616
980767,246616
632243,246616
1367635,246616
824491,246616
1235231,246616
1433687,246616
541570,246616
1403557,246616
731555,246616
1321131,246616
1352971,246616
1767497,246616
1831422,246616
378369,246616
1545302,246616
1623686,246616
795388,246616
1347811,246616
1627116,246616
1737196,246616
1862611,246616
1389613,246616
483836,246616
1699209,246616
1618169,246616
1444309,246616
1470073,246616
1234543,246616
1234543,246616
1816234,246616
717894,246616
361685,246616
1707447,246616
324516,246616
809719,246616
716718,246616
1299380,246616
717034,246616
1824499,246616
1824499,246616
312714,246616
1517211,246616
1072043,246616
1743816,246616
1165841,246616
1283895,246616
654070,246616
1434556,246616
403626,246616
1931855,246616
1213811,246616
1782601,246616
1735181,246616
1604913,231898
1173159,231898
379554,231898
431199,231898
1497017,231898
1951450,231898
1993632,231898
754462,231898
1415509,231898
966561,231898
816941,231898
1343201,231898
1823607,231898
778696,231898
345050,231898
1218661,231898
1138993,231898
661953,231898
1173994,231898
246616,231898
795743,231898
980767,231898
632243,231898
1367635,231898
824491,231898
1235231,231898
1433687,231898
541570,231898
1403557,231898
731555,231898
1321131,231898
1352971,231898
1767497,231898
1831422,231898
378369,231898
1545302,231898
1623686,231898
795388,231898
1347811,231898
1627116,231898
1737196,231898
1862611,231898
1389613,231898
483836,231898
1699209,231898
1618169,231898
1444309,231898
1470073,231898
1234543,231898
1234543,231898
1816234,231898
717894,231898
361685,231898
1707447,231898
324516,231898
809719,231898
716718,231898
1299380,231898
717034,231898
1824499,231898
1824499,231898
312714,231898
1517211,231898
1072043,231898
1743816,231898
1165841,231898
1283895,231898
654070,231898
1434556,231898
403626,231898
1931855,231898
1213811,231898
1782601,231898
1735181,231898
1816234,157615
717894,157615
361685,157615
1707447,157615
324516,157615
809719,157615
716718,157615
1299380,157615
717034,157615
1824499,157615
1824499,157615
312714,157615
1517211,157615
1072043,157615
1743816,157615
1165841,157615
1283895,157615
654070,157615
1434556,157615
403626,157615
1931855,157615
1213811,157615
1782601,157615
1735181,157615
1932265,140739
678068,140739
274464,140739
274464,140739
507833,140739
1838104,140739
1838104,140739
1081421,140739
1983082,140739
1424093,140739
1859082,140739
404378,140739
996465,140739
774238,140739
816199,140739
975055,140739
467898,140739
613242,140739
1178098,140739
1529240,140739
685467,140739
1134865,140739
1292400,140739
846380,140739
1656018,140739
976021,140739
1364607,140739
1212227,140739
1645324,140739
1748658,140739
231898,140739
1604913,140739
1173159,140739
379554,140739
431199,140739
1497017,140739
1951450,140739
1993632,140739
754462,140739
1415509,140739
966561,140739
816941,140739
1343201,140739
1823607,140739
778696,140739
345050,140739
1218661,140739
1138993,140739
661953,140739
1173994,140739
246616,140739
795743,140739
980767,140739
632243,140739
1367635,140739
824491,140739
1235231,140739
1433687,140739
541570,140739
1403557,140739
731555,140739
1321131,140739
1352971,140739
1767497,140739
1831422,140739
378369,140739
1545302,140739
1623686,140739
795388,140739
1347811,140739
1627116,140739
1737196,140739
1862611,140739
1389613,140739
483836,140739
1699209,140739
1618169,140739
1444309,140739
1470073,140739
1234543,140739
1234543,140739
157615,140739
1816234,140739
717894,140739
361685,140739
1707447,140739
324516,140739
809719,140739
716718,140739
1299380,140739
717034,140739
1824499,140739
1824499,140739
312714,140739
1517211,140739
1072043,140739
1743816,140739
1165841,140739
1283895,140739
654070,140739
1434556,140739
403626,140739
1931855,140739
1213811,140739
1782601,140739
1735181,140739
678068,131628
274464,131628
274464,131628
507833,131628
1838104,131628
1838104,131628
1081421,131628
1983082,131628
1424093,131628
1859082,131628
404378,131628
996465,131628
774238,131628
816199,131628
975055,131628
467898,131628
613242,131628
1178098,131628
1529240,131628
685467,131628
1134865,131628
1292400,131628
846380,131628
1656018,131628
976021,131628
1364607,131628
1212227,131628
1645324,131628
1748658,131628
231898,131628
1604913,131628
1173159,131628
379554,131628
431199,131628
1497017,131628
1951450,131628
1993632,131628
754462,131628
1415509,131628
966561,131628
816941,131628
1343201,131628
1823607,131628
778696,131628
345050,131628
1218661,131628
1138993,131628
661953,131628
1173994,131628
246616,131628
795743,131628
980767,131628
632243,131628
1367635,131628
824491,131628
1235231,131628
1433687,131628
541570,131628
1403557,131628
731555,131628
1321131,131628
1352971,131628
1767497,131628
1831422,131628
378369,131628
1545302,131628
1623686,131628
795388,131628
1347811,131628
1627116,131628
1737196,131628
1862611,131628
1389613,131628
483836,131628
1699209,131628
1618169,131628
1444309,131628
1470073,131628
1234543,131628
1234543,131628
157615,131628
1816234,131628
717894,131628
361685,131628
1707447,131628
324516,131628
809719,131628
716718,131628
1299380,131628
717034,131628
1824499,131628
1824499,131628
312714,131628
1517211,131628
1072043,131628
1743816,131628
1165841,131628
1283895,131628
654070,131628
1434556,131628
403626,131628
1931855,131628
1213811,131628
1782601,131628
1735181,131628
1433687,66742
541570,66742
1403557,66742
731555,66742
1321131,66742
1352971,66742
1767497,66742
1831422,66742
378369,66742
1545302,66742
1623686,66742
795388,66742
1347811,66742
1627116,66742
1737196,66742
1862611,66742
1389613,66742
483836,66742
1699209,66742
1618169,66742
1444309,66742
1470073,66742
1234543,66742
1234543,66742
157615,66742
1816234,66742
717894,66742
361685,66742
1707447,66742
324516,66742
809719,66742
716718,66742
1299380,66742
717034,66742
1824499,66742
1824499,66742
312714,66742
1517211,66742
1072043,66742
1743816,66742
1165841,66742
1283895,66742
654070,66742
1434556,66742
403626,66742
1931855,66742
1213811,66742
1782601,66742
1735181,66742
1645324,53893
1748658,53893
231898,53893
1604913,53893
1173159,53893
379554,53893
431199,53893
1497017,53893
1951450,53893
1993632,53893
754462,53893
1415509,53893
966561,53893
816941,53893
1343201,53893
1823607,53893
778696,53893
345050,53893
1218661,53893
1138993,53893
661953,53893
1173994,53893
246616,53893
795743,53893
980767,53893
632243,53893
1367635,53893
824491,53893
1235231,53893
66742,53893
1433687,53893
541570,53893
1403557,53893
731555,53893
1321131,53893
1352971,53893
1767497,53893
1831422,53893
378369,53893
1545302,53893
1623686,53893
795388,53893
1347811,53893
1627116,53893
1737196,53893
1862611,53893
1389613,53893
483836,53893
1699209,53893
1618169,53893
1444309,53893
1470073,53893
1234543,53893
1234543,53893
157615,53893
1816234,53893
717894,53893
361685,53893
1707447,53893
324516,53893
809719,53893
716718,53893
1299380,53893
717034,53893
1824499,53893
1824499,53893
312714,53893
1517211,53893
1072043,53893
1743816,53893
1165841,53893
1283895,53893
654070,53893
1434556,53893
403626,53893
1931855,53893
1213811,53893
1782601,53893
1735181,53893
1173994,39363
246616,39363
795743,39363
980767,39363
632243,39363
1367635,39363
824491,39363
1235231,39363
66742,39363
1433687,39363
541570,39363
1403557,39363
731555,39363
1321131,39363
1352971,39363
1767497,39363
1831422,39363
378369,39363
1545302,39363
1623686,39363
795388,39363
1347811,39363
1627116,39363
1737196,39363
1862611,39363
1389613,39363
483836,39363
1699209,39363
1618169,39363
1444309,39363
1470073,39363
1234543,39363
1234543,39363
157615,39363
1816234,39363
717894,39363
361685,39363
1707447,39363
324516,39363
809719,39363
716718,39363
1299380,39363
717034,39363
1824499,39363
1824499,39363
312714,39363
1517211,39363
1072043,39363
1743816,39363
1165841,39363
1283895,39363
654070,39363
1434556,39363
403626,39363
1931855,39363
1213811,39363
1782601,39363
1735181,39363
1627116,2786
1737196,2786
1862611,2786
1389613,2786
483836,2786
1699209,2786
1618169,2786
1444309,2786
1470073,2786
1234543,2786
1234543,2786
157615,2786
1816234,2786
717894,2786
361685,2786
1707447,2786
324516,2786
809719,2786
716718,2786
1299380,2786
717034,2786
1824499,2786
1824499,2786
312714,2786
1517211,2786
1072043,2786
1743816,2786
1165841,2786
1283895,2786
654070,2786
1434556,2786
403626,2786
1931855,2786
1213811,2786
1782601,2786
1735181,2786
Execution Completed 
Time elapsed : 289 ms
