*** Execution for following Query  :
R_1 S_1
R S
R_3 1 S_3
Replacer: Clock


(Tests FileScan, Projection, and Nested Loop Join )
[324516, 915468]
[324516, 836580]
[324516, 332751]
[324516, 544577]
[324516, 975768]
[324516, 886669]
[324516, 1154128]
[324516, 1108807]
[324516, 545850]
[324516, 656740]
[324516, 1467511]
[324516, 1165630]
[324516, 1726810]
[324516, 1151729]
[324516, 1774601]
[324516, 743887]
[1444309, 1467511]
[1444309, 1726810]
[1444309, 1774601]
[1138993, 1154128]
[1138993, 1467511]
[1138993, 1165630]
[1138993, 1726810]
[1138993, 1151729]
[1138993, 1774601]
[504525, 915468]
[504525, 836580]
[504525, 544577]
[504525, 975768]
[504525, 886669]
[504525, 1154128]
[504525, 1108807]
[504525, 545850]
[504525, 656740]
[504525, 1467511]
[504525, 1165630]
[504525, 1726810]
[504525, 1151729]
[504525, 1774601]
[504525, 743887]
[361685, 915468]
[361685, 836580]
[361685, 544577]
[361685, 975768]
[361685, 886669]
[361685, 1154128]
[361685, 1108807]
[361685, 545850]
[361685, 656740]
[361685, 1467511]
[361685, 1165630]
[361685, 1726810]
[361685, 1151729]
[361685, 1774601]
[361685, 743887]
[66742, 915468]
[66742, 131821]
[66742, 836580]
[66742, 332751]
[66742, 544577]
[66742, 975768]
[66742, 886669]
[66742, 1154128]
[66742, 1108807]
[66742, 545850]
[66742, 656740]
[66742, 236332]
[66742, 1467511]
[66742, 1165630]
[66742, 148838]
[66742, 1726810]
[66742, 1151729]
[66742, 1774601]
[66742, 743887]
[762521, 915468]
[762521, 836580]
[762521, 975768]
[762521, 886669]
[762521, 1154128]
[762521, 1108807]
[762521, 1467511]
[762521, 1165630]
[762521, 1726810]
[762521, 1151729]
[762521, 1774601]
[1364607, 1467511]
[1364607, 1726810]
[1364607, 1774601]
[1433687, 1467511]
[1433687, 1726810]
[1433687, 1774601]
[1618169, 1726810]
[1618169, 1774601]
[1072043, 1154128]
[1072043, 1108807]
[1072043, 1467511]
[1072043, 1165630]
[1072043, 1726810]
[1072043, 1151729]
[1072043, 1774601]
[809719, 915468]
[809719, 836580]
[809719, 975768]
[809719, 886669]
[809719, 1154128]
[809719, 1108807]
[809719, 1467511]
[809719, 1165630]
[809719, 1726810]
[809719, 1151729]
[809719, 1774601]
[957181, 975768]
[957181, 1154128]
[957181, 1108807]
[957181, 1467511]
[957181, 1165630]
[957181, 1726810]
[957181, 1151729]
[957181, 1774601]
[685467, 915468]
[685467, 836580]
[685467, 975768]
[685467, 886669]
[685467, 1154128]
[685467, 1108807]
[685467, 1467511]
[685467, 1165630]
[685467, 1726810]
[685467, 1151729]
[685467, 1774601]
[685467, 743887]
[507833, 915468]
[507833, 836580]
[507833, 544577]
[507833, 975768]
[507833, 886669]
[507833, 1154128]
[507833, 1108807]
[507833, 545850]
[507833, 656740]
[507833, 1467511]
[507833, 1165630]
[507833, 1726810]
[507833, 1151729]
[507833, 1774601]
[507833, 743887]
[698699, 915468]
[698699, 836580]
[698699, 975768]
[698699, 886669]
[698699, 1154128]
[698699, 1108807]
[698699, 1467511]
[698699, 1165630]
[698699, 1726810]
[698699, 1151729]
[698699, 1774601]
[698699, 743887]
[1173159, 1467511]
[1173159, 1726810]
[1173159, 1774601]
[1767497, 1774601]
[39363, 915468]
[39363, 131821]
[39363, 836580]
[39363, 332751]
[39363, 544577]
[39363, 975768]
[39363, 886669]
[39363, 1154128]
[39363, 1108807]
[39363, 545850]
[39363, 656740]
[39363, 236332]
[39363, 1467511]
[39363, 1165630]
[39363, 148838]
[39363, 1726810]
[39363, 1151729]
[39363, 1774601]
[39363, 743887]
[1389613, 1467511]
[1389613, 1726810]
[1389613, 1774601]
[1415509, 1467511]
[1415509, 1726810]
[1415509, 1774601]
[1469400, 1726810]
[1469400, 1774601]
[1735181, 1774601]
[1212227, 1467511]
[1212227, 1726810]
[1212227, 1774601]
[1645324, 1726810]
[1645324, 1774601]
[1434556, 1467511]
[1434556, 1726810]
[1434556, 1774601]
[966561, 975768]
[966561, 1154128]
[966561, 1108807]
[966561, 1467511]
[966561, 1165630]
[966561, 1726810]
[966561, 1151729]
[966561, 1774601]
[754462, 915468]
[754462, 836580]
[754462, 975768]
[754462, 886669]
[754462, 1154128]
[754462, 1108807]
[754462, 1467511]
[754462, 1165630]
[754462, 1726810]
[754462, 1151729]
[754462, 1774601]
[1572460, 1726810]
[1572460, 1774601]
[404378, 915468]
[404378, 836580]
[404378, 544577]
[404378, 975768]
[404378, 886669]
[404378, 1154128]
[404378, 1108807]
[404378, 545850]
[404378, 656740]
[404378, 1467511]
[404378, 1165630]
[404378, 1726810]
[404378, 1151729]
[404378, 1774601]
[404378, 743887]
[379554, 915468]
[379554, 836580]
[379554, 544577]
[379554, 975768]
[379554, 886669]
[379554, 1154128]
[379554, 1108807]
[379554, 545850]
[379554, 656740]
[379554, 1467511]
[379554, 1165630]
[379554, 1726810]
[379554, 1151729]
[379554, 1774601]
[379554, 743887]
[1656018, 1726810]
[1656018, 1774601]
[541570, 915468]
[541570, 836580]
[541570, 544577]
[541570, 975768]
[541570, 886669]
[541570, 1154128]
[541570, 1108807]
[541570, 545850]
[541570, 656740]
[541570, 1467511]
[541570, 1165630]
[541570, 1726810]
[541570, 1151729]
[541570, 1774601]
[541570, 743887]
[1545302, 1726810]
[1545302, 1774601]
[678068, 915468]
[678068, 836580]
[678068, 975768]
[678068, 886669]
[678068, 1154128]
[678068, 1108807]
[678068, 1467511]
[678068, 1165630]
[678068, 1726810]
[678068, 1151729]
[678068, 1774601]
[678068, 743887]
[778696, 915468]
[778696, 836580]
[778696, 975768]
[778696, 886669]
[778696, 1154128]
[778696, 1108807]
[778696, 1467511]
[778696, 1165630]
[778696, 1726810]
[778696, 1151729]
[778696, 1774601]
[1707447, 1726810]
[1707447, 1774601]
[1283895, 1467511]
[1283895, 1726810]
[1283895, 1774601]
[1165841, 1467511]
[1165841, 1726810]
[1165841, 1774601]
[716718, 915468]
[716718, 836580]
[716718, 975768]
[716718, 886669]
[716718, 1154128]
[716718, 1108807]
[716718, 1467511]
[716718, 1165630]
[716718, 1726810]
[716718, 1151729]
[716718, 1774601]
[716718, 743887]
[312714, 915468]
[312714, 836580]
[312714, 332751]
[312714, 544577]
[312714, 975768]
[312714, 886669]
[312714, 1154128]
[312714, 1108807]
[312714, 545850]
[312714, 656740]
[312714, 1467511]
[312714, 1165630]
[312714, 1726810]
[312714, 1151729]
[312714, 1774601]
[312714, 743887]
[1529240, 1726810]
[1529240, 1774601]
[816199, 915468]
[816199, 836580]
[816199, 975768]
[816199, 886669]
[816199, 1154128]
[816199, 1108807]
[816199, 1467511]
[816199, 1165630]
[816199, 1726810]
[816199, 1151729]
[816199, 1774601]
[1235231, 1467511]
[1235231, 1726810]
[1235231, 1774601]
[661953, 915468]
[661953, 836580]
[661953, 975768]
[661953, 886669]
[661953, 1154128]
[661953, 1108807]
[661953, 1467511]
[661953, 1165630]
[661953, 1726810]
[661953, 1151729]
[661953, 1774601]
[661953, 743887]
[795388, 915468]
[795388, 836580]
[795388, 975768]
[795388, 886669]
[795388, 1154128]
[795388, 1108807]
[795388, 1467511]
[795388, 1165630]
[795388, 1726810]
[795388, 1151729]
[795388, 1774601]
[1552649, 1726810]
[1552649, 1774601]
[717894, 915468]
[717894, 836580]
[717894, 975768]
[717894, 886669]
[717894, 1154128]
[717894, 1108807]
[717894, 1467511]
[717894, 1165630]
[717894, 1726810]
[717894, 1151729]
[717894, 1774601]
[717894, 743887]
[887376, 915468]
[887376, 975768]
[887376, 1154128]
[887376, 1108807]
[887376, 1467511]
[887376, 1165630]
[887376, 1726810]
[887376, 1151729]
[887376, 1774601]
[1134865, 1154128]
[1134865, 1467511]
[1134865, 1165630]
[1134865, 1726810]
[1134865, 1151729]
[1134865, 1774601]
[1178098, 1467511]
[1178098, 1726810]
[1178098, 1774601]
[824491, 915468]
[824491, 836580]
[824491, 975768]
[824491, 886669]
[824491, 1154128]
[824491, 1108807]
[824491, 1467511]
[824491, 1165630]
[824491, 1726810]
[824491, 1151729]
[824491, 1774601]
[1343201, 1467511]
[1343201, 1726810]
[1343201, 1774601]
[731555, 915468]
[731555, 836580]
[731555, 975768]
[731555, 886669]
[731555, 1154128]
[731555, 1108807]
[731555, 1467511]
[731555, 1165630]
[731555, 1726810]
[731555, 1151729]
[731555, 1774601]
[731555, 743887]
[157615, 915468]
[157615, 836580]
[157615, 332751]
[157615, 544577]
[157615, 975768]
[157615, 886669]
[157615, 1154128]
[157615, 1108807]
[157615, 545850]
[157615, 656740]
[157615, 236332]
[157615, 1467511]
[157615, 1165630]
[157615, 1726810]
[157615, 1151729]
[157615, 1774601]
[157615, 743887]
[857580, 915468]
[857580, 975768]
[857580, 886669]
[857580, 1154128]
[857580, 1108807]
[857580, 1467511]
[857580, 1165630]
[857580, 1726810]
[857580, 1151729]
[857580, 1774601]
[1367635, 1467511]
[1367635, 1726810]
[1367635, 1774601]
[345050, 915468]
[345050, 836580]
[345050, 544577]
[345050, 975768]
[345050, 886669]
[345050, 1154128]
[345050, 1108807]
[345050, 545850]
[345050, 656740]
[345050, 1467511]
[345050, 1165630]
[345050, 1726810]
[345050, 1151729]
[345050, 1774601]
[345050, 743887]
[1213811, 1467511]
[1213811, 1726810]
[1213811, 1774601]
[246616, 915468]
[246616, 836580]
[246616, 332751]
[246616, 544577]
[246616, 975768]
[246616, 886669]
[246616, 1154128]
[246616, 1108807]
[246616, 545850]
[246616, 656740]
[246616, 1467511]
[246616, 1165630]
[246616, 1726810]
[246616, 1151729]
[246616, 1774601]
[246616, 743887]
[654070, 915468]
[654070, 836580]
[654070, 975768]
[654070, 886669]
[654070, 1154128]
[654070, 1108807]
[654070, 656740]
[654070, 1467511]
[654070, 1165630]
[654070, 1726810]
[654070, 1151729]
[654070, 1774601]
[654070, 743887]
[1470073, 1726810]
[1470073, 1774601]
[53893, 915468]
[53893, 131821]
[53893, 836580]
[53893, 332751]
[53893, 544577]
[53893, 975768]
[53893, 886669]
[53893, 1154128]
[53893, 1108807]
[53893, 545850]
[53893, 656740]
[53893, 236332]
[53893, 1467511]
[53893, 1165630]
[53893, 148838]
[53893, 1726810]
[53893, 1151729]
[53893, 1774601]
[53893, 743887]
[274464, 915468]
[274464, 836580]
[274464, 332751]
[274464, 544577]
[274464, 975768]
[274464, 886669]
[274464, 1154128]
[274464, 1108807]
[274464, 545850]
[274464, 656740]
[274464, 1467511]
[274464, 1165630]
[274464, 1726810]
[274464, 1151729]
[274464, 1774601]
[274464, 743887]
[1234543, 1467511]
[1234543, 1726810]
[1234543, 1774601]
[2786, 915468]
[2786, 131821]
[2786, 836580]
[2786, 332751]
[2786, 544577]
[2786, 975768]
[2786, 886669]
[2786, 1154128]
[2786, 1108807]
[2786, 545850]
[2786, 656740]
[2786, 236332]
[2786, 1467511]
[2786, 1165630]
[2786, 148838]
[2786, 1726810]
[2786, 1151729]
[2786, 1774601]
[2786, 743887]
[1604913, 1726810]
[1604913, 1774601]
[1183676, 1467511]
[1183676, 1726810]
[1183676, 1774601]
[274464, 915468]
[274464, 836580]
[274464, 332751]
[274464, 544577]
[274464, 975768]
[274464, 886669]
[274464, 1154128]
[274464, 1108807]
[274464, 545850]
[274464, 656740]
[274464, 1467511]
[274464, 1165630]
[274464, 1726810]
[274464, 1151729]
[274464, 1774601]
[274464, 743887]
[1234543, 1467511]
[1234543, 1726810]
[1234543, 1774601]
[795743, 915468]
[795743, 836580]
[795743, 975768]
[795743, 886669]
[795743, 1154128]
[795743, 1108807]
[795743, 1467511]
[795743, 1165630]
[795743, 1726810]
[795743, 1151729]
[795743, 1774601]
[975055, 975768]
[975055, 1154128]
[975055, 1108807]
[975055, 1467511]
[975055, 1165630]
[975055, 1726810]
[975055, 1151729]
[975055, 1774601]
[774238, 915468]
[774238, 836580]
[774238, 975768]
[774238, 886669]
[774238, 1154128]
[774238, 1108807]
[774238, 1467511]
[774238, 1165630]
[774238, 1726810]
[774238, 1151729]
[774238, 1774601]
[1403557, 1467511]
[1403557, 1726810]
[1403557, 1774601]
[1405107, 1467511]
[1405107, 1726810]
[1405107, 1774601]
[816941, 915468]
[816941, 836580]
[816941, 975768]
[816941, 886669]
[816941, 1154128]
[816941, 1108807]
[816941, 1467511]
[816941, 1165630]
[816941, 1726810]
[816941, 1151729]
[816941, 1774601]
[996465, 1154128]
[996465, 1108807]
[996465, 1467511]
[996465, 1165630]
[996465, 1726810]
[996465, 1151729]
[996465, 1774601]
[131628, 915468]
[131628, 131821]
[131628, 836580]
[131628, 332751]
[131628, 544577]
[131628, 975768]
[131628, 886669]
[131628, 1154128]
[131628, 1108807]
[131628, 545850]
[131628, 656740]
[131628, 236332]
[131628, 1467511]
[131628, 1165630]
[131628, 148838]
[131628, 1726810]
[131628, 1151729]
[131628, 1774601]
[131628, 743887]
[976021, 1154128]
[976021, 1108807]
[976021, 1467511]
[976021, 1165630]
[976021, 1726810]
[976021, 1151729]
[976021, 1774601]
[1748658, 1774601]
[483836, 915468]
[483836, 836580]
[483836, 544577]
[483836, 975768]
[483836, 886669]
[483836, 1154128]
[483836, 1108807]
[483836, 545850]
[483836, 656740]
[483836, 1467511]
[483836, 1165630]
[483836, 1726810]
[483836, 1151729]
[483836, 1774601]
[483836, 743887]
[1737196, 1774601]
[1627116, 1726810]
[1627116, 1774601]
[447630, 915468]
[447630, 836580]
[447630, 544577]
[447630, 975768]
[447630, 886669]
[447630, 1154128]
[447630, 1108807]
[447630, 545850]
[447630, 656740]
[447630, 1467511]
[447630, 1165630]
[447630, 1726810]
[447630, 1151729]
[447630, 1774601]
[447630, 743887]
[1081421, 1154128]
[1081421, 1108807]
[1081421, 1467511]
[1081421, 1165630]
[1081421, 1726810]
[1081421, 1151729]
[1081421, 1774601]
[534379, 915468]
[534379, 836580]
[534379, 544577]
[534379, 975768]
[534379, 886669]
[534379, 1154128]
[534379, 1108807]
[534379, 545850]
[534379, 656740]
[534379, 1467511]
[534379, 1165630]
[534379, 1726810]
[534379, 1151729]
[534379, 1774601]
[534379, 743887]
[1699209, 1726810]
[1699209, 1774601]
[1173994, 1467511]
[1173994, 1726810]
[1173994, 1774601]
[231898, 915468]
[231898, 836580]
[231898, 332751]
[231898, 544577]
[231898, 975768]
[231898, 886669]
[231898, 1154128]
[231898, 1108807]
[231898, 545850]
[231898, 656740]
[231898, 236332]
[231898, 1467511]
[231898, 1165630]
[231898, 1726810]
[231898, 1151729]
[231898, 1774601]
[231898, 743887]
[467898, 915468]
[467898, 836580]
[467898, 544577]
[467898, 975768]
[467898, 886669]
[467898, 1154128]
[467898, 1108807]
[467898, 545850]
[467898, 656740]
[467898, 1467511]
[467898, 1165630]
[467898, 1726810]
[467898, 1151729]
[467898, 1774601]
[467898, 743887]
[1517211, 1726810]
[1517211, 1774601]
[1321131, 1467511]
[1321131, 1726810]
[1321131, 1774601]
[1218661, 1467511]
[1218661, 1726810]
[1218661, 1774601]
[1299380, 1467511]
[1299380, 1726810]
[1299380, 1774601]
[1292400, 1467511]
[1292400, 1726810]
[1292400, 1774601]
[980767, 1154128]
[980767, 1108807]
[980767, 1467511]
[980767, 1165630]
[980767, 1726810]
[980767, 1151729]
[980767, 1774601]
[1352971, 1467511]
[1352971, 1726810]
[1352971, 1774601]
[1623686, 1726810]
[1623686, 1774601]
[1497017, 1726810]
[1497017, 1774601]
[403626, 915468]
[403626, 836580]
[403626, 544577]
[403626, 975768]
[403626, 886669]
[403626, 1154128]
[403626, 1108807]
[403626, 545850]
[403626, 656740]
[403626, 1467511]
[403626, 1165630]
[403626, 1726810]
[403626, 1151729]
[403626, 1774601]
[403626, 743887]
[378369, 915468]
[378369, 836580]
[378369, 544577]
[378369, 975768]
[378369, 886669]
[378369, 1154128]
[378369, 1108807]
[378369, 545850]
[378369, 656740]
[378369, 1467511]
[378369, 1165630]
[378369, 1726810]
[378369, 1151729]
[378369, 1774601]
[378369, 743887]
[1743816, 1774601]
[632243, 915468]
[632243, 836580]
[632243, 975768]
[632243, 886669]
[632243, 1154128]
[632243, 1108807]
[632243, 656740]
[632243, 1467511]
[632243, 1165630]
[632243, 1726810]
[632243, 1151729]
[632243, 1774601]
[632243, 743887]
[1344865, 1467511]
[1344865, 1726810]
[1344865, 1774601]
[140739, 915468]
[140739, 836580]
[140739, 332751]
[140739, 544577]
[140739, 975768]
[140739, 886669]
[140739, 1154128]
[140739, 1108807]
[140739, 545850]
[140739, 656740]
[140739, 236332]
[140739, 1467511]
[140739, 1165630]
[140739, 148838]
[140739, 1726810]
[140739, 1151729]
[140739, 1774601]
[140739, 743887]
[613242, 915468]
[613242, 836580]
[613242, 975768]
[613242, 886669]
[613242, 1154128]
[613242, 1108807]
[613242, 656740]
[613242, 1467511]
[613242, 1165630]
[613242, 1726810]
[613242, 1151729]
[613242, 1774601]
[613242, 743887]
[1424093, 1467511]
[1424093, 1726810]
[1424093, 1774601]
[1347811, 1467511]
[1347811, 1726810]
[1347811, 1774601]
[846380, 915468]
[846380, 975768]
[846380, 886669]
[846380, 1154128]
[846380, 1108807]
[846380, 1467511]
[846380, 1165630]
[846380, 1726810]
[846380, 1151729]
[846380, 1774601]
[717034, 915468]
[717034, 836580]
[717034, 975768]
[717034, 886669]
[717034, 1154128]
[717034, 1108807]
[717034, 1467511]
[717034, 1165630]
[717034, 1726810]
[717034, 1151729]
[717034, 1774601]
[717034, 743887]
[431199, 915468]
[431199, 836580]
[431199, 544577]
[431199, 975768]
[431199, 886669]
[431199, 1154128]
[431199, 1108807]
[431199, 545850]
[431199, 656740]
[431199, 1467511]
[431199, 1165630]
[431199, 1726810]
[431199, 1151729]
[431199, 1774601]
[431199, 743887]


Finished joins testing
Execution Completed 
Time elapsed : 143 ms
